0.01970759999998961,0.013250100000000486
0.019052000000002067,0.012619000000000824
0.018237700000000245,0.011814800000003345
0.017429999999990287,0.011004000000006897
0.014257799999995768,0.010975300000005461
0.013090499999989902,0.011762500000003229
0.012807199999997465,0.011957700000003513
0.012558299999994915,0.011990200000006723
0.012194100000002095,0.011989200000002143
0.011788099999989754,0.012012900000001991
0.026167999999998415,0.009831000000005474
0.02599999999999625,0.009806000000004644
0.023917999999994777,0.009505000000004316
0.02197459999999296,0.009262500000005502
0.021703199999990375,0.009228600000000142
0.01973439999999016,0.008931700000005094
0.018906700000002274,0.008578400000004649
0.01855289999998888,0.008401100000000383
0.01836409999999944,0.008264400000001615
0.017816999999993754,0.007923000000005231
0.009151000000002796,0.004231000000004315
0.008954000000002793,0.0040990000000036275
0.007766899999992916,0.003358200000000977
0.007739399999991292,0.0033410000000060336
0.007537700000000314,0.00328510000000648
0.006434999999996194,0.0029790000000033956
0.005604499999989798,0.0027708000000004063
0.01676249999999868,0.010131300000004728
0.017020000000002256,0.010001200000004928
0.01390099999998995,0.007486000000000104
0.012936999999993759,0.006873000000005902
0.012248999999997068,0.0063950000000048135
0.011918999999991797,0.0061620000000033315
0.011173999999996909,0.005644000000003757
0.010548000000000002,0.005203000000001623
0.009813999999991552,0.004692000000005692
0.009151000000002796,0.004231000000004315
0.005604499999989798,0.0027708000000004063
0.00510559999999316,0.002469900000001246
0.01855289999998888,0.008401100000000383
0.018406999999996287,0.008498700000004078
0.0181699999999978,0.008736200000001304
0.017960799999997334,0.009037100000000464
0.017556499999997754,0.009403400000003614
0.003614999999996371,0.006254000000005533
0.0035562999999996237,0.006099500000004809
0.0030665000000027476,0.00481160000000358
0.00995999999999242,0.0032090000000053465
0.010112100000000623,0.0032993000000018924
0.004199099999993905,0.0023886000000032936
0.0038825999999971827,0.0025960000000040395
0.003704399999989505,0.002758000000000038
0.003558400000002848,0.003031200000002343
0.0035099999999914644,0.0031710000000018113
0.0035479999999949996,0.0036180000000030077
0.003691399999993905,0.004522900000004881
0.003659200000001306,0.0046286000000037575
0.017020000000002256,0.010001200000004928
0.017783399999999006,0.009479600000005917
0.018657799999999725,0.008773600000004933
0.00995999999999242,0.0032090000000053465
0.010124399999995148,0.0030698000000057846
0.010146300000002384,0.003022800000003656
0.010142599999994673,0.0029814000000030205
0.010120799999995711,0.0029345000000020605
0.00912569999999846,0.0023263000000000034
0.00868579999999497,0.002123000000004538
0.004421999999991044,0.006963000000006048
0.004310799999998949,0.006818100000003824
0.004249999999998977,0.00672800000000251
0.004167999999992844,0.006632000000003302
0.004056999999988875,0.006531999999999982
0.00392999999999688,0.006445000000006473
0.0037999999999982492,0.006375000000005571
0.0037079999999889424,0.0063140000000032614
0.003614999999996371,0.006254000000005533
0.01390099999998995,0.007486000000000104
0.014535199999997417,0.008192100000002256
0.017556499999997754,0.009403400000003614
0.017180999999993674,0.00971250000000623
0.016982499999997458,0.009915800000001695
0.01676249999999868,0.010131300000004728
0.012616999999991663,0.018294000000004473
0.012163000000001034,0.017697000000005403
0.011693699999995033,0.017102900000004695
0.011265999999992005,0.01655200000000434
0.010842999999994163,0.01601800000000253
0.010396000000000072,0.015453000000000827
0.009999999999990905,0.014947000000006483
0.009552999999996814,0.01438200000000478
0.009107999999997674,0.013816000000005602
0.008685999999997307,0.013276000000004728
0.008271999999990953,0.012745000000002449
0.007786999999993327,0.012084000000001538
0.007474999999999454,0.011555000000001314
0.0071389999999951215,0.01103700000000174
0.006707999999989056,0.010387000000001478
0.004199099999993905,0.0023886000000032936
0.00510559999999316,0.002469900000001246
0.016223299999992946,0.009459300000003168
0.015453600000000733,0.010075600000000406
0.014549599999995166,0.010799600000005682
0.014257799999995768,0.010975300000005461
0.011918999999991797,0.0061620000000033315
0.01241799999999671,0.005811000000001343
0.01319099999999196,0.005252000000005808
0.007956299999989369,0.0018465000000063014
0.0075720999999902006,0.001722800000003133
0.005747999999996978,0.001289400000004548
0.005631399999998621,0.001308700000002716
0.005573200000000611,0.001355600000003676
0.005562299999994025,0.001388800000000856
0.005551299999993375,0.0014522000000027901
0.005598699999993073,0.0015047000000052435
0.005675099999990607,0.0015599000000037222
0.017816999999993754,0.007923000000005231
0.017454000000000747,0.008368000000004372
0.01707999999999288,0.008811000000001457
0.016223299999992946,0.009459300000003168
0.014535199999997417,0.008192100000002256
0.015436999999991485,0.008866000000004703
0.016223299999992946,0.009459300000003168
0.016264499999991244,0.009522900000000334
0.016370199999997226,0.00964880000000079
0.01676249999999868,0.010131300000004728
0.017429999999990287,0.011004000000006897
0.00510559999999316,0.002469900000001246
0.0051799999999957436,0.002144000000001256
0.005276999999992427,0.0018330000000048585
0.005394999999992933,0.0015010000000046375
0.0010176999999913505,0.004821000000006848
0.0014310999999906926,0.004840600000001416
0.003659200000001306,0.0046286000000037575
0.003557299999997099,0.0047018000000065285
0.0030665000000027476,0.00481160000000358
0.0029028000000010934,0.004848200000004965
0.0025057999999944514,0.004888900000004526
0.002247499999995739,0.004893500000001438
0.002055200000000923,0.004897000000006813
0.0014310999999906926,0.004840600000001416
0.017816999999993754,0.007923000000005231
0.016757999999995832,0.0073840000000018335
0.016594999999995252,0.007297000000001219
0.015610999999992714,0.00672800000000251
0.014803000000000566,0.0062680000000057134
0.014284500000002254,0.005945700000005161
0.014071000000001277,0.005813000000003399
0.013500999999990881,0.00544900000000581
0.01319099999999196,0.005252000000005808
0.012745999999992819,0.004965000000005659
0.012523000000001616,0.004823000000001798
0.011889899999999898,0.004409900000005962
0.011634099999994874,0.004243000000002439
0.010892999999995823,0.0037700000000029377
0.010173999999992134,0.0033360000000044465
0.010112100000000623,0.0032993000000018924
0.005394999999992933,0.0015010000000046375
0.005675099999990607,0.0015599000000037222
0.006773999999992952,0.0018010000000003856
0.007831400000000599,0.002038500000004717
0.007950499999992644,0.0020792000000042776
0.008195000000000618,0.002162900000001855
0.008596699999998236,0.0023480000000049017
0.008653400000000033,0.002383700000002875
0.009084000000001424,0.002655000000004293
0.00995999999999242,0.0032090000000053465
0.006707999999989056,0.010387000000001478
0.006265999999996552,0.009707000000005905
0.0060050000000018144,0.0093260000000015
0.005842399999991699,0.009069300000000169
0.004977999999994154,0.007789999999999964
0.004565999999996961,0.007167000000002588
0.004421999999991044,0.006963000000006048
0.003659200000001306,0.0046286000000037575
0.003781599999996388,0.0047165000000006785
0.003872999999998683,0.0048570000000012215
0.003954999999990605,0.00501800000000685
0.004038999999991688,0.005150000000000432
0.004148000000000707,0.005290000000002237
0.004612699999995584,0.005923100000003956
0.005431999999998993,0.006787000000002763
0.005992999999989479,0.007472000000007029
0.006236999999998716,0.0077760000000068885
0.0066920000000010305,0.008324000000001774
0.006928000000002044,0.008614000000001454
0.007093999999995049,0.008817000000000519
0.007397999999994909,0.00917400000000157
0.007951999999988857,0.009826000000003887
0.008397000000002208,0.010347000000002993
0.00846599999999853,0.010433000000006132
0.008876999999998247,0.010907000000003109
0.009281799999996565,0.011407900000001803
0.009796799999989503,0.01201950000000096
0.010251699999997754,0.012566000000006738
0.010714999999990482,0.013075000000000614
0.011186999999992508,0.013638000000000261
0.011629999999996699,0.014186000000002252
0.01205099999999959,0.014698000000002764
0.01251999999999498,0.015256000000000824
0.012963999999996645,0.015780000000006567
0.01340969999999686,0.016306900000003566
0.013741999999993482,0.01669000000000409
0.01391399999999976,0.0168910000000011
0.014406999999991399,0.017469000000005508
0.014893999999998186,0.018046000000005336
0.015401999999994587,0.018647000000001412
0.01584900000000289,0.019173000000002105
0.016055999999991855,0.01941800000000171
0.01651499999999828,0.019958000000002585
0.017279000000002043,0.020860000000006096
0.01808699999999419,0.02181200000000416
0.019127999999994927,0.023041000000006306
0.020155000000002588,0.02425500000000369
0.02116799999998875,0.025452000000001362
0.022095999999990568,0.02654600000000329
0.022669999999990864,0.02723100000000045
0.023189000000002125,0.02783900000000017
0.023687999999992826,0.028432000000002233
0.0241929999999968,0.02902800000000383
0.024677999999994427,0.02960000000000207
0.025098999999997318,0.03009900000000698
0.025540299999988747,0.03062110000000473
0.02601899999999091,0.031186000000005265
0.026479999999992287,0.031758000000003506
0.026658999999995103,0.032466000000006545
0.026825999999999794,0.03323400000000021
0.026994999999999436,0.03399800000000397
0.027186000000000377,0.034859000000004414
0.010112100000000623,0.0032993000000018924
0.010094600000002174,0.0031857000000030666
0.010124399999995148,0.0030698000000057846
