0.005774999999999864,0.01701620000000048
0.006184599999997431,0.017343800000006127
0.006352800000001935,0.017474100000001158
0.006641999999999371,0.017664299999999855
0.007081999999996924,0.018005100000003438
0.007515999999995415,0.018325100000005534
0.008375999999998385,0.019000800000000595
0.00922799999999313,0.01965799999999973
0.010082999999994513,0.020323799999999892
0.010931999999996833,0.020983100000002253
0.011808999999999514,0.021665400000003388
0.016405800000001136,0.001954500000003634
0.016392999999993663,0.002849100000005933
0.016380999999995538,0.0036953000000039538
0.016329299999995328,0.004394100000006063
0.01628049999999348,0.004571200000000886
0.016189099999991186,0.004755000000002951
0.015755999999996106,0.005357600000003515
0.022613800000002016,0.0028416000000035524
0.022050199999995357,0.003459599999999341
0.02351659999999356,0.0053575000000023465
0.02324369999999476,0.005359200000000897
0.02307299999999657,0.005363600000002577
0.031564000000003034,0.005352399999999591
0.030748899999991863,0.005352900000005434
0.02983679999999822,0.0053534000000041715
0.02886180000000138,0.005356300000002534
0.028355399999995257,0.0053621000000063646
0.02154000000000167,0.019095500000005927
0.020789499999992245,0.01878990000000158
0.02046500000000151,0.018653200000002812
0.024434999999996876,0.022132000000006258
0.024412599999990903,0.020709800000005885
0.02440459999999689,0.020279100000003325
0.024393500000002177,0.01936500000000052
0.024389999999996803,0.018858200000003933
0.024383799999995404,0.017798000000006198
0.02438229999999919,0.01755040000000463
0.021608599999993316,0.010661800000001165
0.021667600000000675,0.0106871000000055
0.022613800000002016,0.0028416000000035524
0.02305129999999167,0.0023606000000029326
0.023150399999991578,0.0022486000000014883
0.02332079999999337,0.0020100999999996816
0.022089399999998705,0.018492300000005457
0.022480999999999085,0.018062200000002804
0.022716699999989487,0.017803600000000586
0.023003599999995572,0.017488800000002414
0.021064099999989594,0.011439400000000433
0.020941999999990912,0.011390300000002185
0.02084329999999568,0.011347000000000662
0.020387499999998226,0.011149400000000753
0.01981459999998947,0.010907600000003015
0.018710599999991473,0.010455900000003737
0.017617000000001326,0.010015700000003847
0.01651699999999323,0.009498100000001841
0.015398500000003423,0.009035199999999577
0.014796399999994492,0.008793799999999408
0.01428609999999253,0.00859270000000123
0.01376170000000343,0.00837940000000259
0.013265199999992205,0.008211100000004024
0.013194200000000933,0.0081802000000053
0.024568000000002144,-5.491000000006352E-4
0.024579000000002793,3.142999999994345E-4
0.024590000000003442,0.001171900000002779
0.024600300000003017,0.0020212000000014996
0.024624000000002866,0.002837800000001778
0.02461590000000058,0.0032797000000002186
0.024628999999990242,0.003677700000004336
0.024624000000002866,0.0038584000000057017
0.02463399999999183,0.004499900000006107
0.024400999999997453,0.005882800000001964
0.023481699999990724,0.005528200000000538
0.01797390000000121,0.021110500000006027
0.017862299999990228,0.02101790000000392
0.017443999999997573,0.02070920000000598
0.016575000000003115,0.020017000000002838
0.015716999999995096,0.019363200000000802
0.00525279999999384,0.015343800000003682
0.004317799999995486,0.015579000000002452
0.004120999999997821,0.015680899999999554
0.002776799999992363,0.016455700000001627
0.0018247000000002345,0.01702030000000576
9.129000000029919E-4,0.017537799999999493
-3.100000000699765E-5,0.018085800000001484
-9.86199999999826E-4,0.018639900000003706
-0.0019390000000072405,0.019203000000004522
0.015844999999998777,0.010219400000003986
0.015210999999993646,0.010910100000003808
0.014281499999995617,0.011923000000003015
0.013356899999990901,0.012930199999999559
0.012475999999992382,0.013890200000005848
0.011901199999996948,0.014529700000004198
0.011828499999992914,0.014595800000002157
0.02240709999999524,0.01311430000000513
0.02250999999999692,0.013002500000006023
0.023151799999993727,0.012306200000004708
0.023822699999996644,0.011578400000004763
0.020321999999993068,0.01716220000000135
0.021668499999989876,0.017723400000001277
0.02363749999999243,0.019988000000005002
0.02324140000000341,0.019821400000004985
0.022635600000000977,0.019566500000003373
0.016732599999997433,0.00666500000000525
0.016269100000002368,0.006444399999999462
0.015760799999995356,0.006262599999999452
0.015234199999994757,0.006066100000005292
0.015154999999992924,0.006039800000003481
-0.0025617000000011103,0.018722300000000303
-0.002601100000006795,0.018644900000005293
-0.002580500000007646,0.018599500000000546
-0.00250150000000815,0.018538700000000574
-0.0017270000000024766,0.018079600000000084
-5.554000000103088E-4,0.01737600000000583
1.2009999998952026E-4,0.01697040000000527
0.0011116000000015447,0.01644459999999981
0.0034289000000029546,0.01514990000000438
0.006024299999992877,0.013625500000003399
0.007643299999998021,0.01264560000000614
0.00987270000000251,0.011366900000005842
0.0106086999999917,0.01087060000000406
0.010960299999993595,0.010575300000006393
0.011941999999990571,0.009551500000000601
0.012601799999998775,0.00882000000000005
0.013194200000000933,0.0081802000000053
0.013910999999993123,0.00741130000000112
0.014538000000001716,0.006742800000004934
0.01502859999999373,0.006183800000002293
0.015154999999992924,0.006039800000003481
0.015755999999996106,0.005357600000003515
0.016421800000003373,8.154000000004658E-4
0.016419299999995474,9.942000000009443E-4
0.016405800000001136,0.001954500000003634
0.010453200000000606,0.01308970000000187
0.010805099999998902,0.013232000000002131
0.011363000000002899,0.013451899999999739
0.022706200000001786,0.003676600000005692
0.021853999999990492,0.003682799999999986
0.02135699999999474,0.0036875000000051728
0.020709899999999948,0.0036936000000054037
0.020004000000000133,0.003694299999999373
0.01944000000000301,0.003694800000005216
0.018749999999997158,0.003695500000006291
0.018101000000001477,0.0036960000000050286
0.01745379999999841,0.0036967000000061034
0.016452399999991485,0.003694800000005216
0.016380999999995538,0.0036953000000039538
0.023481699999990724,0.005528200000000538
0.023289899999994645,0.005451700000001836
0.023248099999989336,0.0054159000000026936
0.02324369999999476,0.005359200000000897
0.04101199999999494,0.018764300000000844
0.0408621999999923,0.018920800000003624
0.04016810000000248,0.01892100000000596
0.039520600000003014,0.018922600000003342
0.03805299999999079,0.018922600000003342
0.036756900000000314,0.018911000000002787
0.035445999999993205,0.01890700000000578
0.023190900000003012,0.0036751000000023737
0.022706200000001786,0.003676600000005692
0.01492799999999761,0.016359100000002513
0.01469999999999061,0.016405000000005998
0.0143849999999901,0.016585100000000352
0.013120999999998162,0.017340700000005427
0.011802000000002977,0.018114800000006426
0.01054599999999084,0.01887150000000304
0.00922799999999313,0.01965799999999973
0.00792099999999607,0.020424099999999612
0.006974999999997067,0.02097240000000511
0.0060280000000005884,0.021537399999999707
0.0046687999999903695,0.022226200000005747
0.020848000000000866,0.014807500000003415
0.02240709999999524,0.01311430000000513
0.02365899999999499,0.013472900000003563
0.02428739999999152,0.01278260000000131
0.0249639999999971,0.01203940000000614
0.02558469999999602,0.011358000000001311
0.02625659999999641,0.010620200000005298
0.026910999999998353,0.009916100000005201
0.027560600000001045,0.009195500000004131
0.0282139999999913,0.008470600000002548
0.028790200000003097,0.007837800000004336
0.02949719999999445,0.0070709000000022115
0.03014109999999448,0.006350500000003478
0.024243999999995935,0.007815900000004206
0.023084999999994693,0.0073191000000036865
0.022004400000000146,0.006883300000005477
0.020878999999993653,0.006407500000001676
0.02033169999999984,0.006177000000000987
0.01977200000000323,0.00594130000000348
0.019204000000001997,0.005692000000003361
0.0184019999999947,0.005355600000001459
0.02464619999999229,0.005310900000004892
0.02464220000000239,0.0055256000000056815
0.024586200000001668,0.005671200000001875
0.024400999999997453,0.005882800000001964
0.017405599999989363,0.01185650000000038
0.01693989999999701,0.011664000000003227
0.016330099999990466,0.011412100000001146
0.015210999999993646,0.010910100000003808
0.014125999999990313,0.0104588000000021
0.021608599999993316,0.010661800000001165
0.021670700000001375,0.010595100000003299
0.022268799999991984,0.009952400000003081
0.013649700000001985,0.015884700000000862
0.013872100000000387,0.01573420000000425
0.014668000000000347,0.014817499999999484
0.015169200000002547,0.014200000000002433
0.015507999999996969,0.013831500000001995
0.016491700000003107,0.012882199999999955
0.017405599999989363,0.01185650000000038
0.018050099999996405,0.011145000000006178
0.018710599999991473,0.010455900000003737
0.019377399999996214,0.00972650000000641
0.020074699999995005,0.009045500000006257
0.020735000000001946,0.008316600000000562
0.02136569999998983,0.00758830000000188
0.022004400000000146,0.006883300000005477
0.022633900000002427,0.006159400000001369
0.022930799999997475,0.00584100000000376
0.023274399999991147,0.005387100000000089
0.021667600000000675,0.0106871000000055
0.022646600000001627,0.011100400000003674
0.023583999999999605,0.008511900000002015
0.0224319999999949,0.008031500000001301
0.02136569999998983,0.00758830000000188
0.02023619999999937,0.007131200000003446
0.019671299999998837,0.006898599999999533
0.019118100000000027,0.00667150000000305
0.018524999999996794,0.006399399999999389
0.017992999999989934,0.0061772000000033245
0.029862999999991757,0.002792800000001705
0.029159699999993904,0.002799600000003011
0.02856400000000292,0.002799299999999505
0.027863499999995156,0.002802800000004879
0.02725699999999165,0.0028058000000044103
0.02657779999999832,0.0028062000000019793
0.025920999999996752,0.002812400000003379
0.025257499999995048,0.002815800000000479
0.025161299999993503,0.002816300000006322
0.024624000000002866,0.002837800000001778
0.023297999999996932,0.002836900000005471
0.0353657999999939,-0.0018420999999975152
0.03519409999999823,-0.0016865999999993164
0.03510829999999032,-0.001574399999995535
0.03505459999999516,-0.0014623000000000275
0.035033200000000875,-0.0013392999999979338
0.0350773999999916,3.7810000000604305E-4
0.0224319999999949,0.008031500000001301
0.021930099999991626,0.008579500000003293
0.021782000000001744,0.00874160000000046
0.021118999999998778,0.009475100000003067
0.020488399999990747,0.010192200000005869
0.01981459999998947,0.010907600000003015
0.019160999999996875,0.011602000000003443
0.018530999999995856,0.012289400000000228
0.017594000000002552,0.01331180000000387
0.016671000000002323,0.014319500000006258
0.015832000000003177,0.015304000000000428
0.01492799999999761,0.016359100000002513
-0.001046999999999798,0.01989120000000355
-9.239999999977044E-5,0.01932580000000428
8.369999999899846E-4,0.01877580000000023
0.001789000000002261,0.018212200000000678
0.0026909999999986667,0.017677800000001298
0.0036216999999965083,0.01712410000000375
0.004195899999999142,0.01678590000000213
0.004331199999995761,0.016675700000000404
0.004623899999998571,0.016503300000003662
0.00489709999999377,0.016347700000004295
0.022050199999995357,0.003459599999999341
0.021853999999990492,0.003682799999999986
0.021748899999991522,0.0038024000000049796
0.02135699999999474,0.004248300000000427
0.021112999999999715,0.0045259000000044125
0.020902999999989902,0.0047428000000024895
0.02030599999999083,0.005359400000003234
0.03537869999999543,0.022409700000004307
0.035406100000002994,0.021232700000005877
0.035411499999995044,0.020075699999999586
0.035445999999993205,0.01890700000000578
0.035471999999998616,0.017742900000001782
0.035490099999989866,0.01658690000000007
0.03549300000000244,0.01643940000000299
0.03549519999999973,0.015627399999999625
0.03549639999999954,0.015183300000003896
0.035495999999994865,0.015108600000004913
0.0354998999999907,0.014037399999999423
0.03550380000000075,0.01287020000000183
0.035506999999995514,0.011695100000004288
0.035508999999990465,0.011079300000005787
0.03551079999999729,0.010477100000002793
0.03551279999999224,0.009847800000002849
0.03551469999999313,0.009219900000005055
0.0355122999999935,0.00883680000000453
0.03551759999999149,0.008258500000003721
0.0355184999999949,0.007978700000002448
0.0355210000000028,0.007162000000001001
0.03552349999999649,0.006344099999999742
0.03552700000000186,0.005338900000005253
0.016732599999997433,0.00666500000000525
0.01704219999999168,0.006781900000000007
0.017351599999997802,0.006877600000002815
0.025553999999999633,0.022139100000003964
0.025536799999997584,0.021387000000004264
0.025553999999999633,0.02080839999999995
0.02552819999999656,0.019981100000002527
0.025503000000000497,0.018858600000001502
0.0254939999999948,0.01772460000000109
0.013921999999993773,0.021565300000006005
0.013132999999996287,0.020888500000005195
0.012262999999990143,0.020209100000002422
0.011388999999994098,0.019556300000004967
0.01054599999999084,0.01887150000000304
0.00968000000000302,0.01819560000000564
0.008839999999992187,0.017538600000001736
0.007964000000001192,0.016854200000004482
0.007551199999994651,0.016532000000005098
0.007119000000002984,0.016194800000000953
0.006291199999992614,0.015547000000005085
0.005856499999993048,0.015191900000004921
0.012709200000003307,0.011265500000000372
0.01318279999999561,0.011470400000000325
0.013760499999989406,0.011701700000003257
0.014281499999995617,0.011923000000003015
0.022268799999991984,0.009952400000003081
0.021118999999998778,0.009475100000003067
0.020074699999995005,0.009045500000006257
0.01948039999999196,0.008790799999999876
0.01892099999999175,0.008555200000003538
0.01780300000000068,0.008097900000002767
0.016685999999992873,0.007635700000001577
0.016080099999996378,0.007384700000002908
0.01560099999998954,0.007183900000001131
0.015128699999991113,0.006987900000005709
0.014620699999994713,0.0067767000000031885
0.014538000000001716,0.006742800000004934
0.024536900000001083,0.017613500000003057
0.02438229999999919,0.01755040000000463
0.023342999999997005,0.017116100000002632
0.022559000000001106,0.016784000000001242
0.010977499999995644,0.013958000000002357
0.01140319999998951,0.014278799999999592
0.011828499999992914,0.014595800000002157
0.012718999999989933,0.015280400000001748
0.013182599999993272,0.015610200000004681
0.01344670000000292,0.015837799999999902
0.013649700000001985,0.015884700000000862
-0.003154000000009205,0.02221460000000519
-0.0028355000000033215,0.022084100000000717
-0.0018133000000091215,0.02148509999999959
-0.0015230000000059363,0.021307600000000093
-2.0500000000822638E-4,0.020528000000005875
7.429999999999382E-4,0.019967000000001178
0.001660000000001105,0.01942470000000185
0.0026233999999902835,0.018854500000003327
0.0035469999999975244,0.018308300000001054
0.004427499999991369,0.017785000000003492
0.004790599999992651,0.01757830000000382
0.005774999999999864,0.01701620000000048
0.007119000000002984,0.016194800000000953
0.008392999999998096,0.015488700000005906
0.009688999999994508,0.014707500000000095
0.01052819999999599,0.014228000000002794
0.010977499999995644,0.013958000000002357
0.011363000000002899,0.013451899999999739
0.012263500000003091,0.012477800000006312
0.023003599999995572,0.017488800000002414
0.023342999999997005,0.017116100000002632
0.02426280000000247,0.016106400000005294
0.025168100000001914,0.015113200000001825
0.025830999999996607,0.014384300000003236
0.026462199999997438,0.013691900000004864
0.027137999999993667,0.012949900000002401
0.027763800000002448,0.012262900000003185
0.02842919999999083,0.01153240000000011
0.028778899999991836,0.011148099999999772
0.029086499999991133,0.010810800000001564
0.0297429999999963,0.010089600000000587
0.030396999999993568,0.009372300000002554
0.03104569999999285,0.00865980000000377
0.031564000000003034,0.008090300000006323
0.03169869999999264,0.007984300000003941
0.032568400000002384,0.0071806000000051995
0.03299880000000144,0.00674170000000629
0.03332039999999381,0.006413700000003075
0.033390599999989945,0.006342100000004791
0.03444999999999254,0.005339000000006422
0.025904999999994516,-5.38699999999892E-4
0.02590789999999288,7.899999999949614E-5
0.025908099999995216,1.1890000000391865E-4
0.025908999999998628,3.122000000033154E-4
0.02591300000000274,0.0011663000000012858
0.02591699999999264,0.002013900000001456
0.025920999999996752,0.002812400000003379
0.025933999999992352,0.0036731000000003178
0.025926099999992402,0.003979900000004477
0.02592690000000175,0.004153500000001031
0.025927799999990953,0.004344500000001972
0.025928399999997964,0.004486700000001065
0.025929300000001376,0.004691800000003354
0.025932400000002076,0.005355900000004965
0.059829399999998145,0.02965170000000228
0.05947559999999896,0.02940540000000169
0.05722070000000201,0.02783510000000433
0.05682589999999266,0.027568700000003332
0.055880799999997066,0.0269564000000031
0.055060900000000856,0.02637550000000033
0.05481999999999232,0.026201800000002606
0.053932699999990064,0.025629999999999598
0.05301409999999862,0.025006799999999885
0.052371199999996065,0.02457440000000588
0.05177519999999447,0.024174300000005644
0.05128999999999451,0.02383360000000323
0.0511592999999948,0.023745100000006403
0.04976999999999521,0.02280770000000132
0.048692699999989486,0.02208050000000128
0.04815599999999165,0.02171830000000341
0.04618499999999415,0.020869700000005764
0.04490099999999586,0.02036149999999992
0.043455999999991946,0.019757500000004313
0.042160600000002546,0.019220100000005402
0.04101199999999494,0.018764300000000844
0.04081189999999424,0.018682800000000555
0.03963469999999347,0.018198000000005266
0.03953779999999085,0.01816460000000575
0.03858900000000176,0.017764200000002006
0.0380439999999993,0.017534000000004824
0.03678299999999979,0.016995900000004838
0.03585869999999147,0.016592000000002827
0.03549300000000244,0.01643940000000299
0.03458109999999692,0.016059400000003166
0.03421000000000163,0.015904800000001273
0.03400329999999485,0.015818600000002903
0.03293519999999717,0.015373300000000256
0.03247669999998948,0.015182100000004084
0.03156500000000051,0.014801900000001922
0.020005999999995083,0.01914550000000048
0.01917100000000005,0.018481300000004808
0.018187999999994986,0.017695400000000916
0.021860899999992967,0.0019164000000060355
0.021516199999993546,0.0019192000000032294
0.02079809999999327,0.0019251000000011231
0.020695500000002198,0.0019260000000045352
0.02059020000000089,0.0019266000000044414
0.02000309999999672,0.0019298000000063098
0.019411399999995638,0.0019331000000022414
0.019047700000001555,0.0019376000000050908
0.018691399999994474,0.0019421000000008348
0.018086900000000128,0.0019496000000032154
0.01738229999999419,0.0019585000000006403
0.01687099999999475,0.001956400000004521
0.016740299999995045,0.001955800000004615
0.01648699999999792,0.0019548000000000343
0.016405800000001136,0.001954500000003634
0.014853000000002226,0.016889800000001287
0.014726999999993495,0.017557000000003598
0.004410999999990395,0.019000800000000595
0.0035469999999975244,0.018308300000001054
0.0026909999999986667,0.017677800000001298
0.002247299999993402,0.01734010000000552
0.0018247000000002345,0.01702030000000576
0.0013933999999977686,0.016694499999999834
0.0013213000000007469,0.016628600000004212
0.0012755999999995993,0.016590800000003014
0.0011116000000015447,0.01644459999999981
0.017089999999996053,0.017233400000002064
0.016202999999990197,0.017931199999999592
0.0148669999999953,0.018697800000005316
0.014444999999994934,0.018957800000002578
0.013553999999999178,0.019467400000003465
0.012262999999990143,0.020209100000002422
0.010931999999996833,0.020983100000002253
0.010057299999999714,0.021500800000005427
0.009629899999993086,0.021731600000002516
0.009112799999996923,0.0220411000000027
0.0088216999999986,0.022202100000001224
0.021668499999989876,0.017723400000001277
0.022480999999999085,0.018062200000002804
0.023171499999989464,0.018349900000004027
0.03156500000000051,0.014801900000001922
0.030527999999989675,0.014366100000003712
0.029400999999992905,0.013898600000004535
0.025932400000002076,0.005355900000004965
0.025911499999992316,0.0057475000000053456
0.025150400000001127,0.0067487000000028274
0.02488629999999148,0.00709600000000421
0.024243999999995935,0.007815900000004206
0.023583999999999605,0.008511900000002015
0.0229300999999964,0.009222900000004586
0.022772000000003345,0.009423700000006363
0.02257659999999362,0.009616200000003516
0.022268799999991984,0.009952400000003081
0.021660900000000538,0.012648600000005672
0.02250999999999692,0.013002500000006023
0.022599399999990055,0.013039100000000303
0.02365899999999499,0.013472900000003563
0.02472809999999015,0.01392150000000214
0.025830999999996607,0.014384300000003236
0.02701489999999751,0.014877900000001887
0.028101899999995794,0.01533160000000322
0.029198699999994915,0.01578720000000544
0.02997669999999175,0.016146200000001443
0.030079700000001708,0.016227200000002995
0.03014840000000163,0.016314000000001272
0.030216999999993277,0.01641230000000604
0.030277099999992174,0.016470200000000546
0.030371500000001106,0.016539600000001542
0.03047449999999685,0.01658010000000587
0.030689099999989367,0.01663220000000365
9.378000000026532E-4,0.0222028000000023
0.0015389999999939619,0.021848099999999704
0.0024745999999993273,0.021295800000004306
0.0033640999999988708,0.02077080000000109
0.004354399999996872,0.02018640000000005
0.005259999999992715,0.019666200000003187
0.0062130000000024665,0.019105000000003258
0.007515999999995415,0.018325100000005534
0.008839999999992187,0.017538600000001736
0.010117999999991412,0.01679640000000404
0.011425000000002683,0.01601330000000445
0.012718999999989933,0.015280400000001748
0.013576000000000477,0.014349100000004
0.01447000000000287,0.013394000000005235
0.015396999999993,0.012404500000002372
0.016330099999990466,0.011412100000001146
0.01699099999999021,0.010695500000004188
0.017617000000001326,0.010015700000003847
0.018262800000002244,0.009268699999999797
0.01892099999999175,0.008555200000003538
0.019627099999993902,0.007841300000002605
0.02023619999999937,0.007131200000003446
0.020878999999993653,0.006407500000001676
0.021515800000003082,0.005758600000000058
0.021807499999994207,0.005487900000005652
0.02212999999998999,0.005358000000001084
0.013910999999993123,0.00741130000000112
0.013960499999996046,0.007432100000002606
0.014974999999992633,0.007856900000000167
0.015461399999992409,0.008063400000004606
0.016063000000002603,0.008314200000000938
0.017169999999993024,0.008776100000005727
0.018262800000002244,0.009268699999999797
0.019377399999996214,0.00972650000000641
0.020488399999990747,0.010192200000005869
0.02150530000000117,0.010616100000000017
0.021608599999993316,0.010661800000001165
0.008440199999995457,0.020805300000006355
0.00792099999999607,0.020424099999999612
0.007080000000001974,0.019758800000005294
0.0062130000000024665,0.019105000000003258
0.005325499999997874,0.01845780000000019
0.004868399999992334,0.018115300000005163
0.004427499999991369,0.017785000000003492
0.020709899999999948,0.0036936000000054037
0.02072099999999466,0.002845400000005327
0.020695500000002198,0.0019260000000045352
0.021966300000002548,0.011822500000000957
0.021190099999998324,0.011491900000002886
0.021064099999989594,0.011439400000000433
0.022046799999998257,0.011854200000001924
0.021966300000002548,0.011822500000000957
0.023274399999991147,0.005387100000000089
0.023263599999992834,0.005240300000004083
0.02327199999999152,0.004517500000005725
0.02327499999999816,0.004446500000000242
0.023300599999998894,0.003765400000006025
0.023303999999995995,0.003677200000005598
0.023297999999996932,0.002836900000005471
0.02332079999999337,0.0020100999999996816
0.024568000000002144,-5.491000000006352E-4
0.023218999999997436,7.310000000160244E-5
0.03552700000000186,0.005338900000005253
0.03444999999999254,0.005339000000006422
0.034293800000000374,0.005340200000006234
0.03358109999999215,0.005341300000004878
0.03269709999999293,0.005347100000001603
0.031564000000003034,0.005352399999999591
0.017351599999997802,0.006877600000002815
0.01787219999999934,0.0070996000000036474
0.01847599999999261,0.00735339999999951
0.019627099999993902,0.007841300000002605
0.020137099999999464,0.00806100000000498
0.020735000000001946,0.008316600000000562
0.021782000000001744,0.00874160000000046
0.0229300999999964,0.009222900000004586
0.02029799999999682,0.012080600000004438
0.020887199999990003,0.01144920000000127
0.020941999999990912,0.011390300000002185
0.02153830000000312,0.010738700000004542
0.021608599999993316,0.010661800000001165
0.008392999999998096,0.015488700000005906
0.008818699999991964,0.01582259999999991
0.009233999999992193,0.016148300000004667
0.010117999999991412,0.01679640000000404
0.010967999999991207,0.017461799999999528
0.011802000000002977,0.018114800000006426
0.01268499999999051,0.018804100000004098
0.013553999999999178,0.019467400000003465
0.014173299999995947,0.019927900000006105
0.014256099999997218,0.020025100000005125
0.022559000000001106,0.016784000000001242
0.02235849999999573,0.016699100000003853
0.022088199999998892,0.01658379999999937
0.021986799999993423,0.016546500000004016
0.02120499999999481,0.01622620000000552
0.025138799999993466,0.005356400000003703
0.02445209999999065,0.005356800000001272
0.03151900000000296,0.018883399999999995
0.03152199999999539,0.017720000000004177
0.0315389999999951,0.016603299999999876
0.031564599999995835,0.01495090000000232
0.03156500000000051,0.014801900000001922
0.03156789999999887,0.014033500000003585
0.031564599999995835,0.013840700000002926
0.031564599999995835,0.013303400000005183
0.03156500000000051,0.01286879999999968
0.03155900000000145,0.011773500000003878
0.03156500000000051,0.010846800000003043
0.03156500000000051,0.010122500000001367
0.03156500000000051,0.009854799999999386
0.03154700000000332,0.008842600000001255
0.031564000000003034,0.008090300000006323
0.0046687999999903695,0.022226200000005747
0.004641300000002957,0.021777100000001326
0.004223999999993566,0.021448200000001805
0.0033640999999988708,0.02077080000000109
0.002498299999999176,0.020085900000005097
0.001660000000001105,0.01942470000000185
8.369999999899846E-4,0.01877580000000023
-3.100000000699765E-5,0.018085800000001484
0.013649700000001985,0.015884700000000862
0.013600499999995463,0.015751800000003868
0.013182599999993272,0.015610200000004681
0.026583000000002244,0.005365500000003465
0.026551699999998846,0.00536310000000384
0.025932400000002076,0.005355900000004965
0.025575299999999856,0.005356100000000197
0.025461699999993925,0.005356200000001365
0.025138799999993466,0.005356400000003703
0.016984899999997083,0.02215980000000428
0.018007999999994695,0.021503900000006126
0.018265700000000606,0.021359300000000303
0.019584999999992192,0.020593500000003928
0.02086899999999048,0.019824300000003348
0.02154000000000167,0.019095500000005927
0.022089399999998705,0.018492300000005457
0.019134999999991464,0.016667000000005316
0.020017999999993208,0.015709000000001083
0.03156500000000051,0.010846800000003043
0.030911299999999642,0.010576000000000363
0.0297429999999963,0.010089600000000587
0.02922459999999205,0.009873600000005922
0.028705700000003276,0.009657600000004152
0.02811819999999443,0.009413399999999683
0.027560600000001045,0.009195500000004131
0.02645799999999099,0.008716700000000799
0.025314999999991983,0.00824760000000424
0.031564000000003034,0.008090300000006323
0.0315643999999935,0.007917200000001401
0.0315643999999935,0.007193000000000893
0.0315643999999935,0.006531500000001245
0.0315643999999935,0.006352400000004366
0.031564000000003034,0.005352399999999591
0.016421800000003373,8.154000000004658E-4
0.01648559999999577,7.906000000019731E-4
0.01658499999999208,7.519000000044684E-4
0.016752400000001444,6.867000000028156E-4
0.016840000000001965,-0.001983699999996702
0.01671639999999286,-0.0031226999999987015
0.01675819999999817,-0.003804599999995162
0.016871100000003025,-0.003962599999994154
0.0350773999999916,3.7810000000604305E-4
0.035089999999996735,0.0011347000000014873
0.03505400000000236,0.0019817000000017515
0.035054999999999836,0.0028261000000000536
0.03510909999999967,0.0036758000000034485
0.03512409999999022,0.003964700000004484
0.03512630000000172,0.00407520000000261
0.03524639999999124,0.0043993000000028815
0.0353059999999914,0.0045324000000022124
0.03541589999998962,0.004720100000000116
0.035507600000002526,0.005021100000000445
0.03552700000000186,0.005338900000005253
0.02030599999999083,0.005359400000003234
0.02008219999999028,0.005603800000002934
0.019913699999989376,0.005787400000002663
0.01977200000000323,0.00594130000000348
0.019118100000000027,0.00667150000000305
0.01847599999999261,0.00735339999999951
0.01780300000000068,0.008097900000002767
0.017169999999993024,0.008776100000005727
0.01651699999999323,0.009498100000001841
0.015844999999998777,0.010219400000003986
0.01966999999999075,0.012767200000006085
0.019114399999992315,0.01254430000000184
0.018530999999995856,0.012289400000000228
0.017405599999989363,0.01185650000000038
0.020607299999994666,0.01336080000000095
0.01988299999999299,0.014228100000003963
0.018940999999998098,0.015272500000001799
0.018062999999997942,0.01621990000000295
0.017089999999996053,0.017233400000002064
0.05607139999999333,0.011619000000003155
0.05555369999999016,0.011620499999999367
0.05479689999999948,0.011622600000002592
0.05448869999999317,0.01162790000000058
0.05342890000000011,0.011638900000001229
0.052779999999998495,0.011636600000002773
0.05242299999999034,0.01163100000000128
0.05209899999999834,0.011648800000003234
0.05153930000000173,0.011652600000005009
0.050848000000002,0.011657400000004259
0.05066630000000316,0.011658600000004071
0.04950399999999888,0.01166660000000519
0.04859890000000178,0.011668400000004908
0.04794099999999446,0.011669799999999952
0.04733999999999128,0.011670999999999765
0.04662899999999581,0.011672400000001915
0.045964299999994296,0.011673800000004064
0.04469159999999306,0.011676400000006026
0.043383099999999786,0.011679000000000883
0.042049800000000914,0.011681800000005182
0.04143399999999531,0.011683000000004995
0.04078710000000285,0.011684300000005976
0.04011699999999507,0.01168570000000102
0.039436100000003194,0.01168710000000317
0.038156899999989946,0.011681800000005182
0.03687510000000316,0.011692299999999989
0.035506999999995514,0.011695100000004288
0.03424199999999189,0.011701300000005688
0.024400999999997453,0.005882800000001964
0.02372789999999725,0.006617200000000878
0.023084999999994693,0.0073191000000036865
0.0224319999999949,0.008031500000001301
0.03421000000000163,0.015904800000001273
0.034204299999998966,0.016589400000000865
0.014281499999995617,0.011923000000003015
0.015396999999993,0.012404500000002372
0.015971499999992034,0.01266040000000146
0.016491700000003107,0.012882199999999955
0.017594000000002552,0.01331180000000387
0.01819770000000176,0.01356450000000109
0.018731000000002496,0.01378800000000524
0.01988299999999299,0.014228100000003963
0.020072999999996455,0.014323100000005695
0.020443899999989412,0.01452920000000546
0.02069079999999701,0.014609100000001263
0.029400999999992905,0.013898600000004535
0.02831399999999462,0.013443100000003483
0.027137999999993667,0.012949900000002401
0.02609499999999798,0.012512700000002042
0.0249639999999971,0.01203940000000614
0.023822699999996644,0.011578400000004763
0.022826600000001918,0.01117600000000607
0.02272440000000131,0.011134699999999498
0.022646600000001627,0.011100400000003674
0.02307299999999657,0.005363600000002577
0.02212999999998999,0.005358000000001084
0.021396899999999164,0.005363300000006177
0.02085269999999184,0.005359099999999728
0.02030599999999083,0.005359400000003234
0.020020700000003444,0.005359600000005571
0.01945270000000221,0.00536000000000314
0.018759000000002857,0.00535520000000389
0.018691699999990874,0.005355600000001459
0.0184019999999947,0.005355600000001459
0.018112000000002126,0.005361000000000615
0.01743519999999421,0.005358900000004496
0.01678199999999208,0.005371900000000096
0.016252699999995457,0.005362000000005196
0.015851999999995314,0.005362300000001596
0.015755999999996106,0.005357600000003515
0.03814599999999757,0.0028459000000040646
0.03709159999999656,0.002839100000002759
0.037040300000001025,0.0028388000000063585
0.03652199999999084,0.0028355000000033215
0.035054999999999836,0.0028261000000000536
0.03265929999999173,0.0028107000000048288
0.03126279999999326,0.0028010000000051605
0.03117199999999798,0.0028004000000052542
0.029862999999991757,0.002792800000001705
0.013921999999993773,0.021565300000006005
0.01416009999999801,0.020368900000001133
0.014256099999997218,0.020025100000005125
0.014266199999994456,0.019889200000001495
0.014444999999994934,0.018957800000002578
0.014540999999994142,0.018466400000001215
0.014726999999993495,0.017557000000003598
0.02046500000000151,0.018653200000002812
0.019554299999995806,0.018267300000005093
0.019356999999999402,0.018184200000000317
0.018725899999992635,0.01792030000000011
0.018187999999994986,0.017695400000000916
0.017089999999996053,0.017233400000002064
0.015985999999998057,0.016764100000003168
0.015108900000001313,0.016446800000004203
0.01492799999999761,0.016359100000002513
0.013963799999999083,0.01590840000000071
0.013649700000001985,0.015884700000000862
9.129000000029919E-4,0.017537799999999493
3.829999999993561E-4,0.017151800000000605
3.3499999999264674E-4,0.017118700000004594
1.2009999998952026E-4,0.01697040000000527
0.03156500000000051,0.009854799999999386
0.030396999999993568,0.009372300000002554
0.02982999999998981,0.00913800000000009
0.029358899999991195,0.00894330000000565
0.0282139999999913,0.008470600000002548
0.02692589999999484,0.007958900000005542
0.026840399999997544,0.007886900000002584
0.023297999999996932,0.002836900000005471
0.022613800000002016,0.0028416000000035524
0.01428609999999253,0.00859270000000123
0.014974999999992633,0.007856900000000167
0.01560099999998954,0.007183900000001131
0.016269100000002368,0.006444399999999462
0.01676589999999578,0.005918100000002369
0.01681419999999889,0.00580950000000513
0.01681419999999889,0.005653999999999826
0.01678199999999208,0.005371900000000096
0.028355399999995257,0.0053621000000063646
0.028140100000001667,0.005362700000006271
0.026700800000000413,0.005364000000000146
0.026583000000002244,0.005365500000003465
0.015716999999995096,0.019363200000000802
0.0148669999999953,0.018697800000005316
0.014540999999994142,0.018466400000001215
0.01396599999999637,0.01803819999999945
0.013120999999998162,0.017340700000005427
0.012253999999998655,0.016661000000006254
0.011425000000002683,0.01601330000000445
0.010538999999994303,0.015384500000003243
0.010098499999998012,0.01504790000000611
0.009688999999994508,0.014707500000000095
0.024628999999990242,0.003677700000004336
0.0239705999999984,0.0036748000000059733
0.023303999999995995,0.003677200000005598
0.01527099999999848,0.01720070000000362
0.015985999999998057,0.016764100000003168
0.016928999999990424,0.015747100000005787
0.01780499999999563,0.01479450000000071
0.018731000000002496,0.01378800000000524
0.01966999999999075,0.012767200000006085
0.02029799999999682,0.012080600000004438
0.035445999999993205,0.01890700000000578
0.0347723000000002,0.018908200000005593
0.03413399999999456,0.018909400000005405
0.032803799999996386,0.01889200000000102
0.03271289999999283,0.018892499999999757
0.03224259999998935,0.018888800000006256
0.03151900000000296,0.018883399999999995
0.030821199999991222,0.01888100000000037
0.030164999999996667,0.018883000000002426
0.028888399999999592,0.018872300000005282
0.02781899999999382,0.018870300000003226
0.02675979999999356,0.01886650000000145
0.02610740000000078,0.018860700000004726
0.025503000000000497,0.018858600000001502
0.024389999999996803,0.018858200000003933
0.015832000000003177,0.015304000000000428
0.016399100000001,0.015526200000003598
0.016928999999990424,0.015747100000005787
0.017495999999994183,0.01598350000000437
0.018062999999997942,0.01621990000000295
0.019134999999991464,0.016667000000005316
0.019673499999996125,0.016891700000002174
0.020321999999993068,0.01716220000000135
0.023231600000002572,-0.004465599999996073
0.023240099999995323,-0.004239899999994634
0.02325050000000317,-0.00413539999999557
0.023266999999989935,-0.003968899999996722
0.023225999999993974,-0.0021182999999993513
0.023236999999994623,-0.0017227999999960275
0.023218999999997436,7.310000000160244E-5
0.023285999999998808,0.001233800000001395
0.02332079999999337,0.0020100999999996816
0.02463399999999183,0.004499900000006107
0.02396609999999555,0.004517500000005725
0.02327199999999152,0.004517500000005725
0.022004999999992947,0.004521000000003994
0.021382899999991878,0.004530700000003662
0.021112999999999715,0.0045259000000044125
0.02073310000000106,0.004527100000004225
0.02002910000000213,0.004529300000001513
0.019446000000002073,0.0045312000000024
0.018749999999997158,0.004538600000003612
0.018106000000003064,0.004538000000003706
0.01745129999999051,0.004534200000001931
0.016840299999998365,0.004538400000001275
0.016486200000002782,0.004495000000005689
0.015844999999998777,0.010219400000003986
0.014752999999998906,0.009764000000004103
0.010082999999994513,0.020323799999999892
0.011388999999994098,0.019556300000004967
0.01268499999999051,0.018804100000004098
0.01396599999999637,0.01803819999999945
0.014726999999993495,0.017557000000003598
0.01527099999999848,0.01720070000000362
0.003546900000003461,0.021913500000003694
0.004223999999993566,0.021448200000001805
0.0052209999999917045,0.020854100000001097
0.006121999999990635,0.020316900000004523
0.007080000000001974,0.019758800000005294
0.008375999999998385,0.019000800000000595
0.00968000000000302,0.01819560000000564
0.010967999999991207,0.017461799999999528
0.012253999999998655,0.016661000000006254
0.013649700000001985,0.015884700000000862
0.012263500000003091,0.012477800000006312
0.01318279999999561,0.011470400000000325
0.014125999999990313,0.0104588000000021
0.014752999999998906,0.009764000000004103
0.014802099999997154,0.009708800000005624
0.015398500000003423,0.009035199999999577
0.016063000000002603,0.008314200000000938
0.016685999999992873,0.007635700000001577
0.016779599999992456,0.007551900000002831
0.017351599999997802,0.006877600000002815
0.017992999999989934,0.0061772000000033245
0.01806940000000168,0.006077200000000005
0.01810700000000054,0.005965100000004497
0.018112000000002126,0.005361000000000615
0.023017499999994584,0.0215176000000028
0.022902500000000714,0.021422300000004668
0.02256479999999783,0.02116690000000432
0.021746999999990635,0.02051970000000125
0.02086899999999048,0.019824300000003348
0.020005999999995083,0.01914550000000048
0.02488629999999148,0.00709600000000421
0.02372789999999725,0.006617200000000878
0.022633900000002427,0.006159400000001369
0.023171499999989464,0.018349900000004027
0.02362429999999449,0.01853890000000291
0.024389999999996803,0.018858200000003933
0.03424199999999189,0.011701300000005688
0.033808999999990874,0.011688200000001814
0.033253000000001975,0.011560000000002901
0.032938299999997867,0.011439700000003938
0.03156500000000051,0.010846800000003043
0.02445209999999065,0.005356800000001272
0.02351659999999356,0.0053575000000023465
0.02120499999999481,0.01622620000000552
0.020549899999991794,0.015940700000001584
0.020017999999993208,0.015709000000001083
0.018940999999998098,0.015272500000001799
0.018372999999996864,0.015033500000001254
0.01780499999999563,0.01479450000000071
0.01729419999999493,0.014580500000000995
0.016671000000002323,0.014319500000006258
0.01615590000000111,0.014103200000000982
0.015507999999996969,0.013831500000001995
0.015063499999996566,0.013644000000006429
0.01447000000000287,0.013394000000005235
0.013356899999990901,0.012930199999999559
0.012813499999992928,0.012698800000002564
0.012263500000003091,0.012477800000006312
0.0060280000000005884,0.021537399999999707
0.0052209999999917045,0.020854100000001097
0.004354399999996872,0.02018640000000005
0.0034739999999970905,0.019509000000006438
0.0026233999999902835,0.018854500000003327
0.001789000000002261,0.018212200000000678
0.001365800000002082,0.017886400000001856
9.129000000029919E-4,0.017537799999999493
0.018095000000002415,0.0028559000000001333
0.017419799999998986,0.0028615000000016266
0.01646920000000307,0.0028500000000022396
0.016392999999993663,0.002849100000005933
0.02463399999999183,0.004499900000006107
0.024638600000002953,0.004691800000003354
0.02464619999999229,0.005310900000004892
0.013649700000001985,0.015884700000000862
0.01372159999999667,0.01602319999999935
0.0143849999999901,0.016585100000000352
0.014853000000002226,0.016889800000001287
0.01527099999999848,0.01720070000000362
0.016202999999990197,0.017931199999999592
0.017054999999999154,0.018601000000003864
0.017887999999999238,0.01925990000000155
0.01873399999999492,0.019922000000001105
0.019584999999992192,0.020593500000003928
0.02044999999999675,0.021269300000000158
0.021268999999989546,0.021913100000006125
0.021457999999995536,0.02207130000000035
0.02156099999999128,0.0221427000000034
0.03144600000000253,0.02237840000000091
0.03147260000000074,0.021222800000003872
0.031474500000001626,0.02114660000000157
0.03148989999999685,0.020365200000000527
0.03151900000000296,0.018883399999999995
0.013013999999998305,0.009997099999999648
0.013640199999997549,0.00927880000000414
0.01428609999999253,0.00859270000000123
0.03814599999999757,0.0028459000000040646
0.03790440000000217,0.0030220000000014124
0.03704179999999724,0.00333370000000599
0.03687200000000246,0.0033951000000058684
0.03663980000000322,0.0035138000000003444
0.036354000000002884,0.0036600000000035493
0.035784499999991226,0.004058800000002805
0.0353059999999914,0.0045324000000022124
0.035010900000003176,0.004810800000001336
0.034765899999996464,0.0050416000000055305
0.03444999999999254,0.005339000000006422
0.011363000000002899,0.013451899999999739
0.011903699999990636,0.013666000000000622
0.012475999999992382,0.013890200000005848
0.013576000000000477,0.014349100000004
0.014668000000000347,0.014817499999999484
0.0153780999999924,0.015105400000003044
0.015832000000003177,0.015304000000000428
0.004195899999999142,0.01678590000000213
0.004401500000000169,0.016701600000004646
0.004960400000001641,0.016396200000002636
0.005150099999994495,0.016267500000004986
0.005250899999992953,0.016205200000001696
0.04950499999999636,0.00980840000000427
0.04852579999999307,0.009814600000005669
0.047935499999994136,0.009832200000005287
0.047323199999993903,0.00982890000000225
0.046634400000002074,0.009827100000002531
0.046009799999993106,0.009831099999999537
0.04472239999999772,0.00982680000000613
0.04337710000000072,0.009823600000004262
0.04206329999999525,0.009819200000002581
0.04077189999999575,0.009824900000005243
0.03947389999999018,0.009830499999999631
0.038181999999991945,0.009836200000002293
0.0368668999999926,0.009841900000004955
0.03551279999999224,0.009847800000002849
0.034817099999997936,0.00985530000000523
0.034207699999996066,0.00985530000000523
0.03354829999999254,0.009854100000005417
0.032894499999997606,0.00985530000000523
0.03222499999999684,0.00985530000000523
0.03156500000000051,0.009854799999999386
0.022635600000000977,0.019566500000003373
0.02154000000000167,0.019095500000005927
0.019356999999999402,0.018184200000000317
0.019241299999990247,0.018368999999999858
0.01917100000000005,0.018481300000004808
0.017887999999999238,0.01925990000000155
0.016575000000003115,0.020017000000002838
0.015270000000001005,0.02076910000000254
0.013921999999993773,0.021565300000006005
0.03512409999999022,0.003964700000004484
0.035031799999998725,0.004092500000005828
0.03502509999999859,0.004440700000003517
0.035023299999991764,0.004677100000002099
0.035010900000003176,0.004810800000001336
0.02428739999999152,0.01278260000000131
0.023151799999993727,0.012306200000004708
0.022046799999998257,0.011854200000001924
0.015844999999998777,0.010219400000003986
0.01699099999999021,0.010695500000004188
0.018050099999996405,0.011145000000006178
0.019160999999996875,0.011602000000003443
0.02029799999999682,0.012080600000004438
0.015857999999994377,-0.003916300000000206
0.016313599999989492,-0.002869399999994471
0.016417699999990987,-0.0022754999999961
0.01643190000000061,8.860000000510126E-5
0.016421800000003373,8.154000000004658E-4
0.002776799999992363,0.016455700000001627
0.0036216999999965083,0.01712410000000375
0.004410999999990395,0.019000800000000595
0.005259999999992715,0.019666200000003187
0.006121999999990635,0.020316900000004523
0.006974999999997067,0.02097240000000511
0.007851999999999748,0.021659800000001894
0.008517200000000003,0.022203900000000942
0.06095539999999744,0.0052917000000007874
0.05975459999999089,0.005299800000003074
0.05856099999999742,0.005294700000000319
0.05734970000000317,0.005295100000004993
0.05648639999999716,0.0052954000000013934
0.05633949999999288,0.005295600000003731
0.055561799999992445,0.005295800000006068
0.054464400000000524,0.005305700000000968
0.0533743999999956,0.0053115000000047985
0.05232719999999347,0.005305700000000968
0.0511942999999917,0.0053115000000047985
0.05000799999999117,0.005308900000002836
0.04855369999999937,0.0053122999999999365
0.04728129999999453,0.0053152000000054045
0.045970799999992096,0.005318300000006104
0.04483369999999809,0.005320900000000961
0.04466440000000205,0.005321300000005635
0.04336239999999236,0.005324300000005167
0.04204349999999124,0.005324400000006335
0.04073449999999923,0.005330499999999461
0.03942839999999137,0.005331099999999367
0.03816739999999186,0.005336599999999692
0.03737639999999942,0.005338700000002916
0.03589869999998996,0.005338900000005253
0.03552700000000186,0.005338900000005253
0.011828499999992914,0.014595800000002157
0.011721399999998994,0.01467190000000329
0.011321999999992727,0.014912600000002385
0.010538999999994303,0.015384500000003243
0.009233999999992193,0.016148300000004667
0.007964000000001192,0.016854200000004482
0.006641999999999371,0.017664299999999855
0.005325499999997874,0.01845780000000019
0.004410999999990395,0.019000800000000595
0.0034739999999970905,0.019509000000006438
0.002498299999999176,0.020085900000005097
0.0015942999999936092,0.020620300000004477
6.520000000023174E-4,0.021177200000003893
-3.703000000001566E-4,0.021781900000000576
0.03858900000000176,0.017764200000002006
0.03806199999999649,0.017782800000006205
0.03676550000000134,0.01776540000000182
0.035471999999998616,0.017742900000001782
0.03415839999999548,0.0177382000000037
0.0328433999999902,0.017731600000004732
0.03152199999999539,0.017720000000004177
0.03083499999999617,0.01770840000000362
0.030174000000002366,0.01770840000000362
0.029195599999994215,0.017696900000004234
0.028886700000001042,0.017737400000001458
0.027830899999997882,0.017731600000004732
0.026772999999991498,0.017724800000003427
0.02611499999999012,0.017724900000004595
0.0254939999999948,0.01772460000000109
0.025013399999991748,0.017715800000004833
0.024830600000001368,0.017687300000005735
0.024536900000001083,0.017613500000003057
0.020017999999993208,0.015709000000001083
0.020848000000000866,0.014807500000003415
0.025314999999991983,0.00824760000000424
0.024243999999995935,0.007815900000004206
0.020709899999999948,0.0036936000000054037
0.02073310000000106,0.004527100000004225
0.020902999999989902,0.0047428000000024895
0.03585869999999147,0.016592000000002827
0.035490099999989866,0.01658690000000007
0.034204299999998966,0.016589400000000865
0.03287849999999537,0.01658830000000222
0.032451499999993416,0.016588200000001052
0.0315389999999951,0.016603299999999876
0.031315699999993285,0.01662639999999982
0.030689099999989367,0.01663220000000365
0.030216999999993277,0.01662639999999982
0.028886700000001042,0.01662639999999982
0.027856700000000956,0.016614900000000432
0.02694929999999829,0.01660269999999997
0.026782499999995935,0.016602600000005907
0.02610799999999358,0.01660240000000357
0.025459499999996638,0.01661370000000062
0.018112000000002126,0.005361000000000615
0.018106000000003064,0.004538000000003706
0.018101000000001477,0.0036960000000050286
0.018095000000002415,0.0028559000000001333
0.018086900000000128,0.0019496000000032154
0.018051499999998555,7.847000000040794E-4
0.018057999999996355,7.830000000552673E-5
0.018057399999989343,-3.719999999418633E-5
0.018072099999997704,-0.002847699999996678
0.018078000000002703,-0.0039759999999944284
0.014256099999997218,0.020025100000005125
0.014560099999997078,0.020068000000001973
0.015716999999995096,0.019363200000000802
0.017054999999999154,0.018601000000003864
0.018187999999994986,0.017695400000000916
0.019134999999991464,0.016667000000005316
0.03951209999999605,0.01656770000000307
0.038842599999995286,0.016561900000006347
0.03816299999999728,0.016564900000005878
0.03811299999999562,0.01656510000000111
0.038078900000002136,0.016565300000003447
0.03689529999999763,0.016570500000000266
0.03585869999999147,0.016592000000002827
0.022613800000002016,0.0028416000000035524
0.02201920000000257,0.002842800000003365
0.021867999999997778,0.0028430999999997653
0.02135699999999474,0.002844100000004346
0.02072099999999466,0.002845400000005327
0.019975000000002296,0.002848400000004858
0.019407999999998538,0.0028507000000033145
0.01871500000000026,0.0028509000000056517
0.018095000000002415,0.0028559000000001333
